lastAccountName: Alex5amilton
timestamps:
  login: 1588617745168
  logout: 1588619246333
ipAddress: 0:0:0:0:0:0:0:1
lastlocation:
  world: world
  x: -537.7949661308958
  y: 64.0
  z: -142.24944677891932
  yaw: 311.23328
  pitch: 7.6500564
logoutlocation:
  world: world
  x: -170.25049351206616
  y: 71.0
  z: 41.13858261208174
  yaw: 15.349731
  pitch: 42.900043
