lastAccountName: Player
timestamps:
  login: 1589293583146
  logout: 1589294275313
ipAddress: 127.0.0.1
logoutlocation:
  world: world_the_end
  x: 13.751739015754886
  y: 63.0
  z: 13.623285895118382
  yaw: -62.149963
  pitch: 22.955046
