world: world
x: -266.9259320017091
y: 72.0
z: -375.5421932653769
yaw: -143.20557
pitch: 13.764969
name: mushrooms
lastowner: 5a732839-5da3-3938-885d-2681d24ef149
