world: world
x: -47.65474740259057
y: 80.0
z: 38.64663396617868
yaw: -324.70428
pitch: -6.661828
name: oldhouse
lastowner: 5a732839-5da3-3938-885d-2681d24ef149
